10.711970903999482
6.055240888987736
13.878141336075952
23.11444872568501
0.38153146947348215
2.3031590073572894
0.38839227921008046
5.437466327181598
1.5332592755630645
8.531131140727137
0.36154232620397053
15.601299212773297
45.84163809836279
0.4199533509066069
0.2654155249760634
2.6056574239801074
20.803785879526973
1.573933513087475
13.428796599682492
35.014076477779795
4.662461079856513
10.07297189906593
0.3100201064572383
3.219560080843297
15.09056409772559
0.30367669062415015
5.055887441428705
7.896939422091727
14.071404218115102
46.057160217184645
54.873111063895315
0.6243333193559355
15.826628358477173
50.614855792309406
81.97414281418284
11.187333839418294
6.361589349265131
15.118192602389247
20.329939454784785
45.92221273826942
