13.348023667538506
22.97695803227048
2.9341460739135865
0.4491136584705302
4.610859293136287
7.244382285380155
25.90981109109345
39.579910084125686
44.455115986571556
8.656965479900007
0.4634356058145839
2.497210839110718
4.296884525529897
0.31692243146239285
0.806062761916019
10.629656317239945
13.536991825158085
1.5224316999044794
2.625415213520639
27.0498101753984
39.44087634905431
1.779869060976424
0.47519507590497434
0.3436350478570026
0.8584551622227762
0.5426371877663565
1.7972860537245277
2.9753474729090112
4.306973102515226
26.232645048052625
47.76896028333196
4.133328044416693
7.1838102328567235
9.404355861065754
54.4795336856042
4.839664645861534
0.5077622211148829
0.8496238886286269
4.807296016872378
5.7092316893484005
0.8304592093616074
6.799297820708978
0.7565882840502969
10.795329932503517
16.7888895762063
52.46566482519579
65.72096859863066
13.065273602679806
127.95223011233934
160.71242196538253
