13.517806283128415
8.018355031967761
16.963260783944246
37.15121305119724
0.7329243838086343
2.766926441537036
0.35929959009505996
5.919464336942874
1.523332252509906
9.972312117092613
0.7092853156912504
18.72896753806675
0.3297559829759378
0.20164342710256608
2.1457020588734594
27.376444264452502
18.945754637011994
6.854764171598326
16.082185006138907
1.8523331118715003
19.154864797584246
0.3030950387818976
3.3100783185134715
29.128035610343886
0.2480675277948814
5.667347534573381
9.164216102337905
70.47708051751717
80.24796183834643
0.531275983002848
18.594307175393187
65.731364994446
102.76858660940542
15.469987164549156
7.37874904147349
22.141510094508266
29.751887448123746
58.93542664597973
