9.286468901487602
3.506968518442693
0.20559581533150784
5.713124810044281
10.293493189722016
45.937731777840376
7.1172379214061365
4.55220758596608
11.17042669096471
11.460147938538551
1.4777372389249948
3.0594167006975415
0.22746667437588197
3.0174265048761777
0.3170940512372038
6.255986034512561
12.599339711986813
22.908895773375217
37.30199630887907
64.4394738995079
1.4574661115850016
0.23244678240969563
0.32352733653599275
2.5900683847633474
7.057764814050612
38.68314436742473
80.81736190624608
1.2371012641903048
0.5297365641124228
5.338583062016801
1.0541042756101069
7.847242143761635
0.7876169725477702
10.905798044722394
4.277841694520349
18.5917164726031
18.874152939829887
218.36170729032642
12.145273111524265
