13.77958724944873
8.136934044322864
17.22098402381613
37.38069468830002
0.22101542071377533
0.5403536094789008
0.4185937771783683
4.5350011771400816
4.892730431873184
0.7564475569052962
1.5599299029931952
2.7635723519479125
5.321907588187568
0.36008158104570676
5.868307907994487
1.5480266693964844
8.484246787812868
9.959474141684982
0.708388649415463
15.479591316203274
18.942974022367522
72.39555303715497
11.548976862101606
0.3492352420486864
0.4196818276311022
1.125896713560737
0.19862436514513002
2.220150377280646
3.4808137244401784
5.44846098738131
27.49793756649362
19.163465091755956
6.888022104355127
16.34539356647606
1.2137028198071995
1.8396575258024086
19.44849383138875
0.3223407733611552
3.3489438115302455
25.711987879497727
30.06779055781906
39.26634320045302
48.64583735767275
0.2443692246497129
5.656559416372026
7.813584343623537
9.24182370152599
59.78467045297864
71.54283019268159
81.36120077449205
6.437988482647882
0.18878199334308832
0.5074431094485146
18.610358214193532
66.20336979867314
87.96889736791245
103.65955640726128
15.481844806542492
6.552477462060574
7.38373896648862
22.027426727297676
29.764573212175023
60.06799784657778
211.34812267825
