3.252706882106324
10.677497323739312
15.853268770868324
0.5130843871278734
1.9811509118230615
4.615707382105739
0.5492580771903088
5.102650033889759
1.2760081120360882
7.300913832360032
0.5052422765696205
0.6148750188987204
14.808464741317215
33.62512752554599
0.6721687633435565
0.5091683325133958
1.0760249162868576
0.46938739025070814
2.165520429428392
5.24785558549717
19.034735445578775
2.1936882742530086
11.596956629565454
26.68148286656194
3.3136393609809947
6.275562107931178
0.4168134617933381
4.513509040948076
6.999226847032394
2.6877039866941383
10.650622510941815
23.942670604602917
30.888419922855718
11.514311522678627
34.80383834228504
41.870880009315904
0.43632923976772275
1.0156753234013571
14.304359627563795
39.24325660925961
63.76344880916657
7.372467607133519
93.88762774121108
6.627297905494007
14.222353075858837
16.090656000433963
105.92583470703622
